name: orthology
channels:
  - bioconda
  - conda-forge
  - defaults
  - r
  - conda-canary
dependencies:
  - blast=2.7.1=h96bfa4b_5
  - boost=1.66.0=py27_1
  - boost-cpp=1.66.0=1
  - bzip2=1.0.6=h470a237_2
  - ca-certificates=2018.4.16=0
  - certifi=2018.4.16=py27_0
  - diamond=0.9.22=h065a656_0
  - dlcpar=1.0=py27h24bf2e0_1
  - fastme=2.1.5=0
  - fasttree=2.1.10=0
  - gmp=6.1.2=hfc679d8_0
  - gnutls=3.5.17=0
  - icu=58.2=hfc679d8_0
  - intel-openmp=2018.0.3=0
  - iqtree=1.5.5=he941832_2
  - libgcc=7.2.0=h69d50b8_2
  - libgcc-ng=7.2.0=hdf63c60_3
  - libgfortran-ng=7.2.0=hdf63c60_3
  - libidn11=1.33=0
  - libopenblas=0.2.20=h9ac9557_7
  - libstdcxx-ng=7.2.0=hdf63c60_3
  - mafft=7.402=0
  - mcl=14.137=h470a237_3
  - mkl=2018.0.3=1
  - mkl_fft=1.0.4=py27_0
  - mkl_random=1.0.1=py27_0
  - muscle=3.8.1551=h2d50403_3
  - ncurses=6.1=hfc679d8_1
  - nettle=3.3=0
  - numpy=1.14.3=py27hcd700cb_2
  - numpy-base=1.14.3=py27h0ea5e3f_1
  - openssl=1.0.2o=h470a237_1
  - orthofinder=2.2.6=py27_0
  - pcre=8.41=h470a237_2
  - perl=5.26.2=h470a237_0
  - perl-archive-tar=2.18=pl526_3
  - perl-carp=1.38=pl526_1
  - perl-compress-raw-bzip2=2.074=pl526hfc679d8_0
  - perl-compress-raw-zlib=2.069=pl526ha92aebf_7
  - perl-exporter=5.72=pl526_1
  - perl-exporter-tiny=1.000000=pl526_0
  - perl-extutils-makemaker=7.34=pl526_0
  - perl-io-compress=2.069=pl526hfc679d8_5
  - perl-io-zlib=1.10=pl526_2
  - perl-list-moreutils=0.428=pl526_1
  - perl-list-moreutils-xs=0.428=pl526_0
  - perl-pathtools=3.73=h470a237_2
  - perl-scalar-list-utils=1.45=pl526h470a237_3
  - perl-test-more=1.001002=pl526_1
  - perl-xsloader=0.24=pl526_0
  - pip=18.0=py27_0
  - python=2.7.15=h9fef7bc_0
  - raxml=8.2.10=h470a237_1
  - readline=7.0=haf1bffa_1
  - scipy=1.1.0=py27hfc37229_0
  - setuptools=40.0.0=py27_0
  - sqlite=3.24.0=h2f33b56_0
  - tk=8.6.8=0
  - wheel=0.31.1=py27_0
  - xz=5.2.4=h470a237_0
  - zlib=1.2.11=h470a237_3
prefix: /wrk/gasablok/DONOTREMOVE/bioconda3_env/orthology

